0.0003555364382918924
0.0001585392892593518
0.0001508654240751639
0.00010684541484806687
8.7919739598874e-05
0.002246319083496928
0.0004412007110659033
0.0001063542949850671
0.0001166936635854654
0.0032480263616889715
6.554646097356454e-05
4.868816540692933e-05
3.481594831100665e-05
2.9588918550871313e-05
2.5653833290562034e-05
9.201336797559634e-05
3.488398942863569e-05
3.272101093898527e-05
3.592333450797014e-05
2.1924723114352673e-05
2.4520926672266796e-05
0.012375034391880035
4.4316184357739985e-05
6.726841093041003e-05
0.0010616439394652843
3.085349817411043e-05
2.2793010430177674e-05
1.4982045286160428e-05
3.138579995720647e-05
1.843712743720971e-05
0.0002591107622720301
0.018334893509745598
4.7648019972257316e-05
8.573703235015273e-05
2.868784031306859e-05
0.0027457652613520622
2.5091108909691684e-05
1.822431295295246e-05
1.871631684480235e-05
2.0137449610047042e-05
1.639372385398019e-05
0.00015926813648547977
1.881953539850656e-05
0.00012962636537849903
1.7138921975856647e-05
1.3039876648690552e-05
1.0825209756148979e-05
9.829815098783001e-06
1.015430643747095e-05
7.413006642309483e-06
9.427720215171576e-06
8.47160117700696e-06
5.569723271037219e-06
0.0009151670383289456
4.435126902535558e-05
0.00026489156880415976
6.145999213913456e-05
1.7365924577461556e-05
1.2634171980607789e-05
0.0004799849120900035
1.6907839381019585e-05
1.537487332825549e-05
1.0677091268007644e-05
1.435281228623353e-05
1.2121988220314961e-05
2.988587766594719e-05
1.1831212759716436e-05
1.6587899153819308e-05
1.4372980331245344e-05
1.1627775165834464e-05
1.3726177712669596e-05
2.7779376978287473e-05
1.4942863344913349e-05
1.3146475794201251e-05
8.9285422291141e-06
9.941983989847358e-06
8.447520485788118e-06
2.0057377696502954e-05
2.5771862055989914e-05
6.901782035129145e-05
0.00010590103920549154
1.3413488886726554e-05
1.6888339814613573e-05
1.3647715604747646e-05
3.101838592556305e-05
4.066250039613806e-05
2.1343665139283985e-05
1.2080685337423347e-05
9.015280738822185e-06
7.028141681075795e-06
1.2336850886640605e-05
6.21292110736249e-06
5.662393505190266e-06
5.138368123880355e-06
4.942638042848557e-06
4.494981112657115e-06
4.443793386599282e-06
3.841232683043927e-06
4.474950401345268e-06
3.303594439785229e-06
